m=80
g=9.81
I=5    
r=1.25
R=1.25
vo=56
v0=56   
